1635322383508 0.005483271845150739 0
1635322393519 0.0038445312675321475 1
1635322403743 0.0034480979375075553 2
1635322416026 0.003232200222555548 3
1635322427519 0.0031202560057863593 4
1635322437959 0.002993540838360786 5
1635322448509 0.0028781267174053933 6
1635322459059 0.0028037182491971184 7
1635322470750 0.0026938663504552096 8
1635322481158 0.002566319439210929 9
1635322492090 0.002495239998097532 10
1635322503725 0.0023607172042829916 11
1635322514647 0.0022941139322938398 12
1635322525125 0.0021926028057350773 13
1635322535979 0.0021099156656418927 14
1635322546647 0.002027466260187793 15
1635322557643 0.0019175497436663138 16
1635322567933 0.0018278052521054633 17
1635322579224 0.0017924864005181007 18
1635322589898 0.0017100725963246077 19
1635322601586 0.0016444424400106072 20
1635322612306 0.001592467124282848 21
1635322622830 0.001518474193289876 22
1635322633823 0.0014828805506112983 23
1635322644609 0.0013980019575683402 24
1635322655555 0.0013817283179378137 25
1635322666195 0.0013149357837392017 26
1635322681094 0.0012696036137640474 27
1635322693915 0.0012413856529747138 28
1635322707390 0.0011713781277649107 29
1635322719270 0.0011404433462303132 30
1635322733676 0.0011132360232295468 31
1635322748474 0.001069871515937848 32
1635322760065 0.001051050261594355 33
1635322772844 0.0009946215795935132 34
1635322785542 0.0009479255459154955 35
1635322798251 0.0009303221995651256 36
1635322809629 0.0009142199487541803 37
1635322823388 0.0008592956655775197 38
1635322836797 0.0008394229444093071 39
1635322849821 0.0007835558790247887 40
1635322862682 0.0007737652558716945 41
1635322876115 0.0007616643124492839 42
1635322888164 0.0007493560406146571 43
1635322902202 0.0007116551751096267 44
1635322914971 0.0006887819581606892 45
1635322926840 0.0006892433775647078 46
1635322940469 0.0006557169363077264 47
1635322953167 0.0006518882219097577 48
1635322966103 0.0006318545711110347 49
1635322978924 0.0005996025356580504 50
